{"poses": [[[1.0, 0.0, 0.0, 0.0], [0.0, 1.0, 0.0, -0.800000011920929], [0.0, 0.0, 1.0, 0.009999999776482582], [0.0, 0.0, 0.0, 1.0]], [[0.9970502853393555, -0.02723500318825245, -0.07175565510988235, 0.0], [0.028624719008803368, 0.9994206428527832, 0.01841038092970848, -0.800000011920929], [0.07121267169713974, -0.02041007950901985, 0.9972522854804993, 0.025937100872397423], [0.0, 0.0, 0.0, 1.0]], [[0.9835869073867798, -0.03743357956409454, -0.17650914192199707, 0.0], [0.04758865013718605, 0.9974249601364136, 0.053653813898563385, -0.800000011920929], [0.17404615879058838, -0.061173032969236374, 0.982835590839386, 0.0539456382393837], [0.0, 0.0, 0.0, 1.0]], [[0.9583007097244263, -0.005603911355137825, -0.28570663928985596, -0.008368114940822124], [0.037555377930402756, 0.9936056137084961, 0.10647734999656677, -0.7978529930114746], [0.2832830250263214, -0.11276716738939285, 0.9523835182189941, 0.09825332462787628], [0.0, 0.0, 0.0, 1.0]], [[0.9266733527183533, 0.06641706824302673, -0.3699531555175781, -0.03612217679619789], [0.004538281355053186, 0.9822152853012085, 0.1877032220363617, -0.789813220500946], [0.37584033608436584, -0.17561855912208557, 0.9098913669586182, 0.15050555765628815], [0.0, 0.0, 0.0, 1.0]], [[0.8972727060317993, 0.16941219568252563, -0.40767788887023926, -0.09950427711009979], [-0.0512697659432888, 0.957179605960846, 0.28491848707199097, -0.7684955596923828], [0.4384896159172058, -0.23474806547164917, 0.8675369024276733, 0.22152139246463776], [0.0, 0.0, 0.0, 1.0]], [[0.881763756275177, 0.28004223108291626, -0.37956446409225464, -0.2090315818786621], [-0.12149772047996521, 0.9123784303665161, 0.3909013271331787, -0.7237651944160461], [0.45577529072761536, -0.29856643080711365, 0.8385266661643982, 0.3060303032398224], [0.0, 0.0, 0.0, 1.0]], [[0.8761905431747437, 0.4032205641269684, -0.26401418447494507, -0.36703193187713623], [-0.23501604795455933, 0.8356922268867493, 0.4963728189468384, -0.6451578736305237], [0.42078229784965515, -0.3728695809841156, 0.8269888162612915, 0.39368969202041626], [0.0, 0.0, 0.0, 1.0]], [[0.8573970198631287, 0.5101544857025146, -0.0679193064570427, -0.5678861737251282], [-0.3831409513950348, 0.720827579498291, 0.5775904655456543, -0.5224167704582214], [0.34361839294433594, -0.46920153498649597, 0.8134963512420654, 0.47602105140686035], [0.0, 0.0, 0.0, 1.0]], [[0.7763367891311646, 0.6008507609367371, 0.19047273695468903, -0.7980824112892151], [-0.577287495136261, 0.5564575791358948, 0.5975735783576965, -0.3445098400115967], [0.25306248664855957, -0.5738757252693176, 0.7788619995117188, 0.5502622127532959], [0.0, 0.0, 0.0, 1.0]], [[0.5961355566978455, 0.6555370688438416, 0.46356627345085144, -1.035815954208374], [-0.7857269644737244, 0.3576074242591858, 0.5047277808189392, -0.10250522196292877], [0.1650930494070053, -0.6651225686073303, 0.7282556295394897, 0.6147804856300354], [0.0, 0.0, 0.0, 1.0]], [[0.29439684748649597, 0.671058177947998, 0.6804495453834534, -1.2510417699813843], [-0.9484129548072815, 0.11748812347650528, 0.2944646179676056, 0.21011312305927277], [0.11765816807746887, -0.7320365309715271, 0.6710283756256104, 0.6713348627090454], [0.0, 0.0, 0.0, 1.0]], [[-0.0741162896156311, 0.6415018439292908, 0.763532817363739, -1.4138362407684326], [-0.9934837222099304, -0.1139720007777214, -0.000681270204950124, 0.5798184275627136], [0.08658433705568314, -0.7586078643798828, 0.6457688212394714, 0.7102581262588501], [0.0, 0.0, 0.0, 1.0]], [[-0.4005495607852936, 0.6261276006698608, 0.6689726114273071, -1.4959913492202759], [-0.9162710905075073, -0.2715776562690735, -0.2944363057613373, 0.9844204187393188], [-0.002676691859960556, -0.730896532535553, 0.6824830770492554, 0.7287042140960693], [0.0, 0.0, 0.0, 1.0]], [[-0.5677390694618225, 0.7134619355201721, 0.4106634855270386, -1.4813121557235718], [-0.7938006520271301, -0.3423269987106323, -0.5026853680610657, 1.3889360427856445], [-0.21806572377681732, -0.6113789677619934, 0.7606990933418274, 0.7290493249893188], [0.0, 0.0, 0.0, 1.0]], [[-0.4511306881904602, 0.8903384804725647, 0.06147020682692528, -1.3851021528244019], [-0.7371856570243835, -0.33293452858924866, -0.5879725217819214, 1.757567286491394], [-0.5030291080474854, -0.31056734919548035, 0.8065418004989624, 0.7125718593597412], [0.0, 0.0, 0.0, 1.0]], [[-0.02736431173980236, 0.9653069972991943, -0.2596801817417145, -1.2389752864837646], [-0.7859753370285034, -0.18128931522369385, -0.5910809636116028, 2.065096139907837], [-0.6176518201828003, 0.18792784214019775, 0.7636683583259583, 0.6885586977005005], [0.0, 0.0, 0.0, 1.0]], [[0.5009799599647522, 0.7819260358810425, -0.37095946073532104, -1.0853263139724731], [-0.7869821190834045, 0.2332356572151184, -0.5711917877197266, 2.300675630569458], [-0.3601086735725403, 0.5780941247940063, 0.7322081923484802, 0.6632410883903503], [0.0, 0.0, 0.0, 1.0]], [[0.8651303648948669, 0.39815187454223633, -0.3049995005130768, -0.964756965637207], [-0.4987521171569824, 0.7470670342445374, -0.4394735097885132, 2.4609596729278564], [0.05287795141339302, 0.5323209762573242, 0.8448894619941711, 0.6352040767669678], [0.0, 0.0, 0.0, 1.0]], [[0.9821594953536987, 0.05172860994935036, -0.1807955652475357, -0.8934954404830933], [-0.08080524206161499, 0.9842291474342346, -0.15736320614814758, 2.545320987701416], [0.1698041409254074, 0.16916492581367493, 0.9708499908447266, 0.6044920086860657], [0.0, 0.0, 0.0, 1.0]]]}