{"poses": [[[0.9946417212486267, 0.0327644906938076, -0.09805227816104889, 0.0], [-0.029044723138213158, 0.9988120198249817, 0.03912649303674698, -0.800000011920929], [0.09921776503324509, -0.03606891632080078, 0.9944117665290833, 0.0614449717104435], [0.0, 0.0, 0.0, 1.0]], [[0.9798078536987305, 0.08541449159383774, -0.18077847361564636, -0.006013651844114065], [-0.07375728338956833, 0.994797945022583, 0.07026368379592896, -0.7979722023010254], [0.18583959341049194, -0.055511169135570526, 0.9810107350349426, 0.1390627920627594], [0.0, 0.0, 0.0, 1.0]], [[0.9500760436058044, 0.16476000845432281, -0.26497066020965576, -0.025748198851943016], [-0.13787060976028442, 0.9834925532341003, 0.11719264835119247, -0.790469229221344], [0.2799053490161896, -0.07481022924184799, 0.9571083188056946, 0.25583311915397644], [0.0, 0.0, 0.0, 1.0]], [[0.9009480476379395, 0.2779603600502014, -0.3332121670246124, -0.07256314158439636], [-0.22557757794857025, 0.9560004472732544, 0.18755774199962616, -0.7724408507347107], [0.3706846237182617, -0.09381452947854996, 0.9240084290504456, 0.4195576310157776], [0.0, 0.0, 0.0, 1.0]], [[0.8349955677986145, 0.41541627049446106, -0.36084818840026855, -0.1522173136472702], [-0.3202904164791107, 0.9001678824424744, 0.2951470911502838, -0.7398881912231445], [0.44743287563323975, -0.13087023794651031, 0.8846901655197144, 0.6019017100334167], [0.0, 0.0, 0.0, 1.0]], [[0.7591782212257385, 0.559506893157959, -0.33256611227989197, -0.27224308252334595], [-0.41038772463798523, 0.8080571293830872, 0.4226410686969757, -0.6846112012863159], [0.5052030086517334, -0.18437878787517548, 0.8430743217468262, 0.7961975336074829], [0.0, 0.0, 0.0, 1.0]], [[0.6952148675918579, 0.6772751212120056, -0.24077904224395752, -0.42913365364074707], [-0.4830530881881714, 0.6882674694061279, 0.5412463545799255, -0.5991815328598022], [0.5322930216789246, -0.2599733769893646, 0.8056537508964539, 0.9808747172355652], [0.0, 0.0, 0.0, 1.0]], [[0.6360501646995544, 0.7672721743583679, -0.08205735683441162, -0.6128698587417603], [-0.5687835812568665, 0.5380387306213379, 0.6220928430557251, -0.47963517904281616], [0.5214645266532898, -0.34900933504104614, 0.7786316275596619, 1.133607029914856], [0.0, 0.0, 0.0, 1.0]], [[0.5808749794960022, 0.8052653074264526, 0.1188773363828659, -0.8121728897094727], [-0.6601014137268066, 0.3805527091026306, 0.6476463079452515, -0.3250961899757385], [0.47628793120384216, -0.454672634601593, 0.7526105046272278, 1.2384264469146729], [0.0, 0.0, 0.0, 1.0]], [[0.5004844069480896, 0.7992718815803528, 0.3326853811740875, -1.0164135694503784], [-0.7640161514282227, 0.2270289957523346, 0.6039347052574158, -0.13312412798404694], [0.40717869997024536, -0.5564370155334473, 0.7242812514305115, 1.2900983095169067], [0.0, 0.0, 0.0, 1.0]], [[0.3891856074333191, 0.7619596719741821, 0.5176405310630798, -1.2126437425613403], [-0.8701410293579102, 0.11967559903860092, 0.4780505299568176, 0.10248889029026031], [0.3023061752319336, -0.6364707946777344, 0.7095885276794434, 1.2924840450286865], [0.0, 0.0, 0.0, 1.0]], [[0.23698152601718903, 0.7261918783187866, 0.645356297492981, -1.377719521522522], [-0.9556055665016174, 0.054517872631549835, 0.28956151008605957, 0.39465761184692383], [0.1750936359167099, -0.6853269934654236, 0.7068727612495422, 1.2626954317092896], [0.0, 0.0, 0.0, 1.0]], [[0.0777330994606018, 0.7241901755332947, 0.6852049231529236, -1.4830787181854248], [-0.9969004392623901, 0.048093896359205246, 0.06226304918527603, 0.7419756650924683], [0.012135985307395458, -0.6879211068153381, 0.7256839871406555, 1.2147669792175293], [0.0, 0.0, 0.0, 1.0]], [[-0.028553465381264687, 0.7885494828224182, 0.6143077611923218, -1.495585560798645], [-0.9805883765220642, 0.09716877341270447, -0.1703082025051117, 1.1309552192687988], [-0.19398809969425201, -0.6072460412979126, 0.7704679369926453, 1.1685417890548706], [0.0, 0.0, 0.0, 1.0]], [[-0.010620823130011559, 0.904769241809845, 0.42576920986175537, -1.4020495414733887], [-0.9091434478759766, 0.16855080425739288, -0.3808530271053314, 1.5295705795288086], [-0.4163479506969452, -0.39113032817840576, 0.8207748532295227, 1.1346240043640137], [0.0, 0.0, 0.0, 1.0]], [[0.2127518355846405, 0.9652854204177856, 0.15152668952941895, -1.2584714889526367], [-0.8038341403007507, 0.26107144355773926, -0.5345022082328796, 1.914312481880188], [-0.5555065870285034, -0.008086012676358223, 0.8314727544784546, 1.0634691715240479], [0.0, 0.0, 0.0, 1.0]], [[0.5801098942756653, 0.8031187057495117, -0.13591420650482178, -1.105528712272644], [-0.6844182014465332, 0.3901345431804657, -0.6159277558326721, 2.290677547454834], [-0.44163841009140015, 0.45032796263694763, 0.775989830493927, 0.9103670716285706], [0.0, 0.0, 0.0, 1.0]], [[0.8404099345207214, 0.4376806318759918, -0.31960374116897583, -0.9433534145355225], [-0.5377398133277893, 0.6000667810440063, -0.5922465920448303, 2.6344754695892334], [-0.06743138283491135, 0.6695936918258667, 0.7396602630615234, 0.7079264521598816], [0.0, 0.0, 0.0, 1.0]], [[0.8951186537742615, 0.1731606423854828, -0.4108256995677948, -0.8087807297706604], [-0.3730766177177429, 0.7954325675964355, -0.47759947180747986, 2.8531858921051025], [0.24408262968063354, 0.5807778239250183, 0.7766085267066956, 0.5630802512168884], [0.0, 0.0, 0.0, 1.0]]]}