{"poses": [[[1.0, 0.0, 0.0, 0.0], [0.0, 1.0, 0.0, -0.800000011920929], [0.0, 0.0, 1.0, 0.009999999776482582], [0.0, 0.0, 0.0, 1.0]], [[0.9987150430679321, -0.004739323630928993, -0.050455302000045776, 0.0], [0.005554258823394775, 0.999856173992157, 0.016023607924580574, -0.800000011920929], [0.05037210136651993, -0.01628326065838337, 0.9985977411270142, 0.021785754710435867], [0.0, 0.0, 0.0, 1.0]], [[0.9920790791511536, -0.0001355899148620665, -0.12561441957950592, 0.0], [0.006020137574523687, 0.9989016056060791, 0.04646755009889603, -0.800000011920929], [0.1254701465368271, -0.04685570299625397, 0.9909902811050415, 0.04139988124370575], [0.0, 0.0, 0.0, 1.0]], [[0.9772744178771973, 0.03116418980062008, -0.20967459678649902, -0.005612694192677736], [-0.012610911391675472, 0.9959295392036438, 0.08924771845340729, -0.7982175350189209], [0.21160247921943665, -0.08457531780004501, 0.9736894965171814, 0.07209892570972443], [0.0, 0.0, 0.0, 1.0]], [[0.9547129273414612, 0.08778775483369827, -0.2842821478843689, -0.024181785061955452], [-0.0456852950155735, 0.987402617931366, 0.15148837864398956, -0.7916421890258789], [0.2939998209476471, -0.13164038956165314, 0.9466966986656189, 0.10501284897327423], [0.0, 0.0, 0.0, 1.0]], [[0.9270212054252625, 0.1664133369922638, -0.3360626995563507, -0.06730183213949203], [-0.09473763406276703, 0.9710029363632202, 0.21949467062950134, -0.7746167778968811], [0.3628447651863098, -0.1716383844614029, 0.9159058928489685, 0.15193679928779602], [0.0, 0.0, 0.0, 1.0]], [[0.9030841588973999, 0.24931146204471588, -0.34968921542167664, -0.14364635944366455], [-0.14941412210464478, 0.9457733631134033, 0.2884232997894287, -0.7398867011070251], [0.40263405442237854, -0.2082219421863556, 0.8913636207580566, 0.20950257778167725], [0.0, 0.0, 0.0, 1.0]], [[0.886031448841095, 0.3485379219055176, -0.3057275712490082, -0.2574408948421478], [-0.2324925661087036, 0.9045442342758179, 0.3574167490005493, -0.6806966662406921], [0.4011175036430359, -0.2456030398607254, 0.8824871182441711, 0.2691347002983093], [0.0, 0.0, 0.0, 1.0]], [[0.8715280890464783, 0.44364848732948303, -0.20884092152118683, -0.40839093923568726], [-0.3299590051174164, 0.8456635475158691, 0.4194997251033783, -0.5908607840538025], [0.36271965503692627, -0.2966967821121216, 0.8834053874015808, 0.3234768807888031], [0.0, 0.0, 0.0, 1.0]], [[0.8372256755828857, 0.543411910533905, -0.06128842011094093, -0.5915176868438721], [-0.4598104953765869, 0.7601909041404724, 0.45900315046310425, -0.46340805292129517], [0.2960187792778015, -0.35610806941986084, 0.8863179683685303, 0.37069761753082275], [0.0, 0.0, 0.0, 1.0]], [[0.7677895426750183, 0.6283808946609497, 0.1250453144311905, -0.7965906262397766], [-0.6109970211982727, 0.6593743562698364, 0.43807297945022583, -0.2918720245361328], [0.1928250640630722, -0.4127500653266907, 0.8901996612548828, 0.41075143218040466], [0.0, 0.0, 0.0, 1.0]], [[0.633045494556427, 0.7038527727127075, 0.3222489356994629, -1.0084620714187622], [-0.7707398533821106, 0.5342520475387573, 0.347181111574173, -0.06942038238048553], [0.07220225781202316, -0.4681514501571655, 0.880693256855011, 0.4491213858127594], [0.0, 0.0, 0.0, 1.0]], [[0.44290870428085327, 0.7552239894866943, 0.4831855893135071, -1.2074342966079712], [-0.8942548632621765, 0.4107983708381653, 0.17763078212738037, 0.1982211321592331], [-0.06434081494808197, -0.5107652544975281, 0.8573089838027954, 0.47932079434394836], [0.0, 0.0, 0.0, 1.0]], [[0.24685510993003845, 0.7951509356498718, 0.5538927316665649, -1.3721727132797241], [-0.9439963698387146, 0.3264549672603607, -0.04793431982398033, 0.5027451515197754], [-0.21893608570098877, -0.5110399723052979, 0.8312067985534668, 0.5030798316001892], [0.0, 0.0, 0.0, 1.0]], [[0.12104616314172745, 0.8533982634544373, 0.507009744644165, -1.4815248250961304], [-0.9117348790168762, 0.2975640594959259, -0.28318673372268677, 0.8276305198669434], [-0.39253899455070496, -0.42797988653182983, 0.8140921592712402, 0.5251099467277527], [0.0, 0.0, 0.0, 1.0]], [[0.1629437506198883, 0.9200754165649414, 0.35624468326568604, -1.5289907455444336], [-0.8212788701057434, 0.32657915353775024, -0.46781042218208313, 1.1471601724624634], [-0.5467630624771118, -0.21634948253631592, 0.8088527321815491, 0.540010392665863], [0.0, 0.0, 0.0, 1.0]], [[0.40108829736709595, 0.9053484797477722, 0.13954252004623413, -1.5191214084625244], [-0.7110114097595215, 0.4037310481071472, -0.575728714466095, 1.4346656799316406], [-0.5775728225708008, 0.1317017823457718, 0.8056451082229614, 0.5469725728034973], [0.0, 0.0, 0.0, 1.0]], [[0.7162908911705017, 0.6963369846343994, -0.04518868029117584, -1.4689165353775024], [-0.5862725973129272, 0.565423846244812, -0.580155074596405, 1.669203519821167], [-0.3784327507019043, 0.44205278158187866, 0.8132513761520386, 0.5455166697502136], [0.0, 0.0, 0.0, 1.0]], [[0.9161226153373718, 0.357435941696167, -0.1815451681613922, -1.4027235507965088], [-0.3999650180339813, 0.7840343117713928, -0.47467663884162903, 1.8377774953842163], [-0.027328835800290108, 0.5074738264083862, 0.8612335920333862, 0.5363672971725464], [0.0, 0.0, 0.0, 1.0]], [[0.9632266163825989, 0.10231607407331467, -0.24844658374786377, -1.3417093753814697], [-0.18064802885055542, 0.9310861229896545, -0.31693005561828613, 1.939863920211792], [0.19889821112155914, 0.3501569330692291, 0.9153302311897278, 0.5204190611839294], [0.0, 0.0, 0.0, 1.0]]]}