{"poses": [[[1.0, 0.0, 0.0, 0.0], [0.0, 1.0, 0.0, -0.800000011920929], [0.0, 0.0, 1.0, 0.009999999776482582], [0.0, 0.0, 0.0, 1.0]], [[0.9965957999229431, -0.029339656233787537, -0.07704494893550873, 0.0], [0.030896730720996857, 0.9993401169776917, 0.01909601502120495, -0.800000011920929], [0.07643383741378784, -0.021411454305052757, 0.9968447089195251, 0.026744890958070755], [0.0, 0.0, 0.0, 1.0]], [[0.9812711477279663, -0.03853742033243179, -0.18873697519302368, 0.0], [0.04990151897072792, 0.9971923232078552, 0.05583261325955391, -0.800000011920929], [0.18605540692806244, -0.06420521438121796, 0.9804391860961914, 0.05640637129545212], [0.0, 0.0, 0.0, 1.0]], [[0.9529801607131958, -0.0019954757299274206, -0.3030257225036621, -0.009080023504793644], [0.0376078300178051, 0.9930264353752136, 0.11173281818628311, -0.7977494597434998], [0.30068957805633545, -0.11787532269954681, 0.9464095830917358, 0.10354956984519958], [0.0, 0.0, 0.0, 1.0]], [[0.9185688495635986, 0.07734613120555878, -0.387619286775589, -0.03920404613018036], [0.001100410707294941, 0.9801628589630127, 0.198190838098526, -0.7892736196517944], [0.3952593207359314, -0.18247850239276886, 0.9002619981765747, 0.16001082956790924], [0.0, 0.0, 0.0, 1.0]], [[0.8881424069404602, 0.18796226382255554, -0.4193722605705261, -0.10770682245492935], [-0.05856254696846008, 0.9513846635818481, 0.3023865520954132, -0.7666466236114502], [0.4558216333389282, -0.24400286376476288, 0.8559727072715759, 0.23633655905723572], [0.0, 0.0, 0.0, 1.0]], [[0.8741285800933838, 0.3043517470359802, -0.37850892543792725, -0.22533060610294342], [-0.13334907591342926, 0.899756133556366, 0.41552019119262695, -0.7189038991928101], [0.46703001856803894, -0.3127443492412567, 0.8270876407623291, 0.3267478942871094], [0.0, 0.0, 0.0, 1.0]], [[0.8700089454650879, 0.4286513924598694, -0.24360249936580658, -0.3935805559158325], [-0.25324076414108276, 0.812443196773529, 0.52517169713974, -0.6346574425697327], [0.42302873730659485, -0.39521414041519165, 0.8153849244117737, 0.4204913377761841], [0.0, 0.0, 0.0, 1.0]], [[0.8480076193809509, 0.5294468402862549, -0.023849843069911003, -0.6051473617553711], [-0.4100216329097748, 0.6839093565940857, 0.603448748588562, -0.5028585195541382], [0.33580514788627625, -0.5019503235816956, 0.797045111656189, 0.5088872313499451], [0.0, 0.0, 0.0, 1.0]], [[0.753815233707428, 0.60528564453125, 0.25571757555007935, -0.844113826751709], [-0.6116315126419067, 0.5041249990463257, 0.6097254157066345, -0.3119899034500122], [0.24014437198638916, -0.6160253882408142, 0.7502289414405823, 0.5889952182769775], [0.0, 0.0, 0.0, 1.0]], [[0.5500342845916748, 0.6391886472702026, 0.537493884563446, -1.0857620239257812], [-0.8198081851005554, 0.29048341512680054, 0.4934917986392975, -0.053267866373062134], [0.159301295876503, -0.7120795249938965, 0.6837879419326782, 0.6587250828742981], [0.0, 0.0, 0.0, 1.0]], [[0.22285249829292297, 0.6295804977416992, 0.7442879676818848, -1.296654462814331], [-0.9655910134315491, 0.03756541386246681, 0.25733834505081177, 0.2787873148918152], [0.13405576348304749, -0.7760264873504639, 0.6162889003753662, 0.7186867594718933], [0.0, 0.0, 0.0, 1.0]], [[-0.16211996972560883, 0.5764877200126648, 0.8008610606193542, -1.4450773000717163], [-0.9782338738441467, -0.20042186975479126, -0.05375538021326065, 0.6681980490684509], [0.12952081859111786, -0.7921445369720459, 0.5964322686195374, 0.7581210136413574], [0.0, 0.0, 0.0, 1.0]], [[-0.4937082529067993, 0.5509657859802246, 0.6728211045265198, -1.502497673034668], [-0.8681004047393799, -0.35807734727859497, -0.34377649426460266, 1.0890729427337646], [0.051512978971004486, -0.7538018226623535, 0.6550795435905457, 0.7729074954986572], [0.0, 0.0, 0.0, 1.0]], [[-0.6586065292358398, 0.6496109366416931, 0.37979260087013245, -1.4555537700653076], [-0.7307473421096802, -0.4316960573196411, -0.5288164615631104, 1.5029428005218506], [-0.17956997454166412, -0.6258145570755005, 0.7590195536613464, 0.7654181122779846], [0.0, 0.0, 0.0, 1.0]], [[-0.528265118598938, 0.8490766882896423, -0.0020197066478431225, -1.3247497081756592], [-0.6894465088844299, -0.4303349554538727, -0.5826451778411865, 1.8739644289016724], [-0.49557965993881226, -0.3063986599445343, 0.8127241730690002, 0.7395775318145752], [0.0, 0.0, 0.0, 1.0]], [[-0.07957826554775238, 0.9374486207962036, -0.33890512585639954, -1.1468925476074219], [-0.778745174407959, -0.2707006335258484, -0.5659304261207581, 2.1794700622558594], [-0.6222726106643677, 0.21888510882854462, 0.7515757083892822, 0.7077732086181641], [0.0, 0.0, 0.0, 1.0]], [[0.47030919790267944, 0.7676500678062439, -0.4353412091732025, -0.9692879319190979], [-0.8112467527389526, 0.18187843263149261, -0.5556969046592712, 2.4121124744415283], [-0.34740152955055237, 0.6145187616348267, 0.7082929015159607, 0.6776050329208374], [0.0, 0.0, 0.0, 1.0]], [[0.8563510775566101, 0.3986636698246002, -0.32822155952453613, -0.8361700177192688], [-0.5115002393722534, 0.7421460747718811, -0.43311306834220886, 2.570467472076416], [0.07092206925153732, 0.5387823581695557, 0.8394543528556824, 0.6460931897163391], [0.0, 0.0, 0.0, 1.0]], [[0.986865758895874, 0.04346834868192673, -0.155581995844841, -0.7633323669433594], [-0.06348758935928345, 0.9899824261665344, -0.126112163066864, 2.651876926422119], [0.14854171872138977, 0.13433320820331573, 0.9797397255897522, 0.6126563549041748], [0.0, 0.0, 0.0, 1.0]]]}