{"poses": [[[1.0, 0.0, 0.0, 0.0], [0.0, 1.0, 0.0, -0.800000011920929], [0.0, 0.0, 1.0, 0.009999999776482582], [0.0, 0.0, 0.0, 1.0]], [[0.99815833568573, -0.015492785722017288, -0.05865008756518364, 0.0], [0.016507726162672043, 0.9997215867042542, 0.016860097646713257, -0.800000011920929], [0.05837254598736763, -0.017797231674194336, 0.9981362223625183, 0.023489054292440414], [0.0, 0.0, 0.0, 1.0]], [[0.9891617298126221, -0.019423045217990875, -0.14553934335708618, 0.0], [0.02681742236018181, 0.998437762260437, 0.049018025398254395, -0.800000011920929], [0.14435990154743195, -0.05238975211977959, 0.9881373643875122, 0.046532124280929565], [0.0, 0.0, 0.0, 1.0]], [[0.9706750512123108, 0.009297000244259834, -0.24021503329277039, -0.0066460915841162205], [0.014082827605307102, 0.9953365921974182, 0.0954289361834526, -0.7980894446372986], [0.23998203873634338, -0.09601340442895889, 0.9660175442695618, 0.08268166333436966], [0.0, 0.0, 0.0, 1.0]], [[0.9447892904281616, 0.06976683437824249, -0.3201647400856018, -0.028665725141763687], [-0.016994157806038857, 0.9861888289451599, 0.16475066542625427, -0.79100102186203], [0.3272370398044586, -0.15021374821662903, 0.93292635679245, 0.1232096403837204], [0.0, 0.0, 0.0, 1.0]], [[0.9162611961364746, 0.1569747030735016, -0.3685431480407715, -0.07948307693004608], [-0.06754983961582184, 0.9673934578895569, 0.24410423636436462, -0.7724723219871521], [0.3948444724082947, -0.19876821339130402, 0.8969887495040894, 0.1795467585325241], [0.0, 0.0, 0.0, 1.0]], [[0.8950624465942383, 0.25160059332847595, -0.3681849539279938, -0.16864468157291412], [-0.12802571058273315, 0.9358602166175842, 0.3282912075519562, -0.7342123985290527], [0.42716795206069946, -0.24670398235321045, 0.8698645830154419, 0.2476150095462799], [0.0, 0.0, 0.0, 1.0]], [[0.8823716640472412, 0.3637154698371887, -0.2985481917858124, -0.2999044358730316], [-0.22364284098148346, 0.882377564907074, 0.4139973223209381, -0.6680688261985779], [0.4140094816684723, -0.29853135347366333, 0.859927237033844, 0.3181449770927429], [0.0, 0.0, 0.0, 1.0]], [[0.8670980930328369, 0.47030019760131836, -0.16418977081775665, -0.4712209105491638], [-0.3428211808204651, 0.802530825138092, 0.48828065395355225, -0.5662087202072144], [0.3614058792591095, -0.36709949374198914, 0.8571017384529114, 0.3833119571208954], [0.0, 0.0, 0.0, 1.0]], [[0.8164746165275574, 0.57667475938797, 0.028550928458571434, -0.6746374368667603], [-0.5024871230125427, 0.6853420734405518, 0.5270798206329346, -0.4198354482650757], [0.2843865156173706, -0.4446937143802643, 0.8493359088897705, 0.44093865156173706], [0.0, 0.0, 0.0, 1.0]], [[0.7045133113861084, 0.6619500517845154, 0.25589609146118164, -0.8956691026687622], [-0.6858953237533569, 0.5425015091896057, 0.4850154221057892, -0.22107680141925812], [0.18223203718662262, -0.5172176361083984, 0.8362278938293457, 0.4905198812484741], [0.0, 0.0, 0.0, 1.0]], [[0.49884137511253357, 0.7265639305114746, 0.4725058972835541, -1.113461971282959], [-0.8628223538398743, 0.3648500442504883, 0.34988898038864136, 0.037473395466804504], [0.08182299882173538, -0.5822275876998901, 0.808897852897644, 0.536449134349823], [0.0, 0.0, 0.0, 1.0]], [[0.2240411937236786, 0.7570302486419678, 0.6137673258781433, -1.3040205240249634], [-0.9743550419807434, 0.18751342594623566, 0.12438313663005829, 0.3476424813270569], [-0.020927758887410164, -0.6258940696716309, 0.7796270251274109, 0.571375846862793], [0.0, 0.0, 0.0, 1.0]], [[-0.04137842357158661, 0.7814857959747314, 0.6225489974021912, -1.4424704313278198], [-0.9876448512077332, 0.06226641312241554, -0.14380799233913422, 0.6963977813720703], [-0.1511477828025818, -0.6208077073097229, 0.7692540287971497, 0.5955089926719666], [0.0, 0.0, 0.0, 1.0]], [[-0.1933867633342743, 0.8520317673683167, 0.48645955324172974, -1.5080020427703857], [-0.9218048453330994, 0.011998496949672699, -0.3874689042568207, 1.0599303245544434], [-0.3359725773334503, -0.5233519673347473, 0.7830867171287537, 0.6122652292251587], [0.0, 0.0, 0.0, 1.0]], [[-0.11824285984039307, 0.9614984393119812, 0.24807016551494598, -1.5017426013946533], [-0.8362722992897034, 0.038279201835393906, -0.5469768643379211, 1.4068793058395386], [-0.5354132652282715, -0.2721301317214966, 0.799548327922821, 0.6177303194999695], [0.0, 0.0, 0.0, 1.0]], [[0.20753656327724457, 0.9780229926109314, -0.01997898332774639, -1.4390273094177246], [-0.7747621536254883, 0.1518671065568924, -0.6137428879737854, 1.7088607549667358], [-0.5972204208374023, 0.14285320043563843, 0.7892531156539917, 0.6140760779380798], [0.0, 0.0, 0.0, 1.0]], [[0.6231281161308289, 0.7607366442680359, -0.18163304030895233, -1.347464680671692], [-0.6870434880256653, 0.4214407503604889, -0.5919115543365479, 1.9472359418869019], [-0.3737410604953766, 0.4936266243457794, 0.7852706909179688, 0.6033989191055298], [0.0, 0.0, 0.0, 1.0]], [[0.8924489617347717, 0.38053444027900696, -0.24233807623386383, -1.258275032043457], [-0.45101845264434814, 0.7654137015342712, -0.4590475261211395, 2.112715721130371], [0.010805675759911537, 0.5189754366874695, 0.8547207117080688, 0.5864628553390503], [0.0, 0.0, 0.0, 1.0]], [[0.9671019315719604, 0.08307595551013947, -0.2404405176639557, -1.1910014152526855], [-0.14433185756206512, 0.9575066566467285, -0.24969933927059174, 2.206774950027466], [0.20947958528995514, 0.27618786692619324, 0.9379969835281372, 0.5642781257629395], [0.0, 0.0, 0.0, 1.0]]]}