{"poses": [[[1.0, 0.0, 0.0, 0.0], [0.0, 1.0, 0.0, -0.800000011920929], [0.0, 0.0, 1.0, 0.009999999776482582], [0.0, 0.0, 0.0, 1.0]], [[0.9994627237319946, 0.02234680764377117, -0.023975752294063568, 0.0], [-0.022055471315979958, 0.9996805191040039, 0.012347770854830742, -0.800000011920929], [0.024244021624326706, -0.011812346056103706, 0.9996362924575806, 0.01631792075932026], [0.0, 0.0, 0.0, 1.0]], [[0.9970553517341614, 0.04966592788696289, -0.058428581804037094, 0.0], [-0.04771483689546585, 0.9982709288597107, 0.03432771936058998, -0.800000011920929], [0.060032472014427185, -0.031438734382390976, 0.9977012276649475, 0.025018814951181412], [0.0, 0.0, 0.0, 1.0]], [[0.9909647703170776, 0.08895329385995865, -0.1003800705075264, -0.0025245214346796274], [-0.08302975445985794, 0.9946333765983582, 0.061728861182928085, -0.7986998558044434], [0.1053323745727539, -0.0528365820646286, 0.9930323958396912, 0.03897618129849434], [0.0, 0.0, 0.0, 1.0]], [[0.9802078008651733, 0.13574394583702087, -0.14410455524921417, -0.010692362673580647], [-0.12217901647090912, 0.9875404834747314, 0.09917659312486649, -0.7940841317176819], [0.15577174723148346, -0.07960709184408188, 0.9845799803733826, 0.049296434968709946], [0.0, 0.0, 0.0, 1.0]], [[0.963624119758606, 0.18994957208633423, -0.18800939619541168, -0.029904179275035858], [-0.16681569814682007, 0.9770888090133667, 0.13217389583587646, -0.7826769351959229], [0.2088082879781723, -0.09600301086902618, 0.9732329249382019, 0.06887169927358627], [0.0, 0.0, 0.0, 1.0]], [[0.9454715847969055, 0.23652483522891998, -0.2239178717136383, -0.06490379571914673], [-0.20451991260051727, 0.9661866426467896, 0.15701879560947418, -0.7604041695594788], [0.2534853219985962, -0.1026611179113388, 0.9618761539459229, 0.09631554782390594], [0.0, 0.0, 0.0, 1.0]], [[0.9273933172225952, 0.2901562750339508, -0.2361157238483429, -0.119486004114151], [-0.2524421513080597, 0.9512110948562622, 0.17739877104759216, -0.7243644595146179], [0.2760692834854126, -0.10491283982992172, 0.9553946256637573, 0.1251288652420044], [0.0, 0.0, 0.0, 1.0]], [[0.9139619469642639, 0.3332144618034363, -0.2316058725118637, -0.19630074501037598], [-0.2913086712360382, 0.936083972454071, 0.19719526171684265, -0.6727345585823059], [0.2825108766555786, -0.11276011914014816, 0.9526135921478271, 0.14944568276405334], [0.0, 0.0, 0.0, 1.0]], [[0.9007338881492615, 0.38072168827056885, -0.20911461114883423, -0.29644328355789185], [-0.33712059259414673, 0.9163094758987427, 0.21616315841674805, -0.6035779714584351], [0.2739117443561554, -0.12420862168073654, 0.9537003636360168, 0.16815374791622162], [0.0, 0.0, 0.0, 1.0]], [[0.895044207572937, 0.4153343737125397, -0.16245828568935394, -0.4195305109024048], [-0.37884509563446045, 0.9002789855003357, 0.21441566944122314, -0.514885663986206], [0.23531199991703033, -0.13036493957042694, 0.9631370902061462, 0.18123528361320496], [0.0, 0.0, 0.0, 1.0]], [[0.8883202075958252, 0.45026135444641113, -0.09028498828411102, -0.5645750164985657], [-0.42671775817871094, 0.8819832801818848, 0.2000432163476944, -0.40349599719047546], [0.16970159113407135, -0.13917621970176697, 0.9756183624267578, 0.19445638358592987], [0.0, 0.0, 0.0, 1.0]], [[0.8829308152198792, 0.4694552421569824, 0.006663269829005003, -0.725344181060791], [-0.46401116251945496, 0.870352029800415, 0.16486625373363495, -0.2713526487350464], [0.07159791141748428, -0.14865735173225403, 0.9862933158874512, 0.20090128481388092], [0.0, 0.0, 0.0, 1.0]], [[0.8762381672859192, 0.4673937261104584, 0.11725737899541855, -0.8950579762458801], [-0.47866079211235046, 0.8722973465919495, 0.09990530461072922, -0.11939069628715515], [-0.0555882528424263, -0.14366737008094788, 0.9880634546279907, 0.2040022760629654], [0.0, 0.0, 0.0, 1.0]], [[0.8595682382583618, 0.45726388692855835, 0.2281484156847, -1.0640592575073242], [-0.4699937701225281, 0.882668137550354, 0.0016637042863294482, 0.050200045108795166], [-0.2006186544895172, -0.10865842550992966, 0.9736248254776001, 0.21256546676158905], [0.0, 0.0, 0.0, 1.0]], [[0.8427815437316895, 0.43648505210876465, 0.31495967507362366, -1.2208338975906372], [-0.4236604571342468, 0.8988653421401978, -0.11203965544700623, 0.23020809888839722], [-0.33201003074645996, -0.03901100531220436, 0.9424687027931213, 0.22415593266487122], [0.0, 0.0, 0.0, 1.0]], [[0.8446685671806335, 0.3996679186820984, 0.35608983039855957, -1.3533368110656738], [-0.3328903317451477, 0.9131467938423157, -0.23525916039943695, 0.4103931486606598], [-0.4191879332065582, 0.0801771730184555, 0.9043521881103516, 0.23932625353336334], [0.0, 0.0, 0.0, 1.0]], [[0.8740730285644531, 0.3366042673587799, 0.35027599334716797, -1.4521921873092651], [-0.22085200250148773, 0.9175552129745483, -0.3306310176849365, 0.5786088705062866], [-0.4326894283294678, 0.21163654327392578, 0.8763501644134521, 0.25518175959587097], [0.0, 0.0, 0.0, 1.0]], [[0.9216495752334595, 0.2533988058567047, 0.2938544750213623, -1.512916922569275], [-0.13207319378852844, 0.916960597038269, -0.376483678817749, 0.7216326594352722], [-0.36485353112220764, 0.3081757724285126, 0.8785837292671204, 0.26787665486335754], [0.0, 0.0, 0.0, 1.0]], [[0.957360029220581, 0.173086479306221, 0.23130542039871216, -1.5370714664459229], [-0.07463087886571884, 0.9216493368148804, -0.3807792663574219, 0.8301372528076172], [-0.2790902256965637, 0.3472803831100464, 0.8952680230140686, 0.27206599712371826], [0.0, 0.0, 0.0, 1.0]]]}