{"poses": [[[1.0, 0.0, 0.0, 0.0], [0.0, 1.0, 0.0, -0.800000011920929], [0.0, 0.0, 1.0, 0.009999999776482582], [0.0, 0.0, 0.0, 1.0]], [[0.9992715120315552, 0.015006632544100285, -0.03509000316262245, 0.0], [-0.014529033564031124, 0.9997988343238831, 0.013826345093548298, -0.800000011920929], [0.0352904312312603, -0.01330645103007555, 0.9992884993553162, 0.018913544714450836], [0.0, 0.0, 0.0, 1.0]], [[0.9954590797424316, 0.037751760333776474, -0.08738547563552856, 0.0], [-0.03439955785870552, 0.9986250996589661, 0.039554860442876816, -0.800000011920929], [0.08875858038663864, -0.03636923432350159, 0.9953889846801758, 0.032776717096567154], [0.0, 0.0, 0.0, 1.0]], [[0.9857140183448792, 0.07836028188467026, -0.14908933639526367, -0.003790220944210887], [-0.06790905445814133, 0.9949469566345215, 0.07395180314779282, -0.7985065579414368], [0.15413086116313934, -0.06277082115411758, 0.9860544800758362, 0.0545773059129715], [0.0, 0.0, 0.0, 1.0]], [[0.9687237739562988, 0.13328896462917328, -0.2093043327331543, -0.01627517119050026], [-0.10925083607435226, 0.9864329099655151, 0.1225331574678421, -0.7930774688720703], [0.2227969616651535, -0.09583411365747452, 0.9701429009437561, 0.075417660176754], [0.0, 0.0, 0.0, 1.0]], [[0.9440486431121826, 0.201029434800148, -0.261456161737442, -0.04562390223145485], [-0.1596638709306717, 0.9722416400909424, 0.17103710770606995, -0.7792835235595703], [0.2885819971561432, -0.11972226202487946, 0.9499405026435852, 0.10779252648353577], [0.0, 0.0, 0.0, 1.0]], [[0.9181964993476868, 0.26560166478157043, -0.2938891053199768, -0.09857206046581268], [-0.20717692375183105, 0.9543406963348389, 0.21520131826400757, -0.7516737580299377], [0.3376280963420868, -0.13671007752418518, 0.9312988519668579, 0.14955267310142517], [0.0, 0.0, 0.0, 1.0]], [[0.894655704498291, 0.34093374013900757, -0.2887129783630371, -0.17959479987621307], [-0.2706577777862549, 0.9277715086936951, 0.25687462091445923, -0.7056984305381775], [0.3554368019104004, -0.15167194604873657, 0.9223124384880066, 0.193315327167511], [0.0, 0.0, 0.0, 1.0]], [[0.8773298263549805, 0.4090152978897095, -0.2509956359863281, -0.2907203733921051], [-0.332483172416687, 0.8952298760414124, 0.2966795563697815, -0.637680172920227], [0.3460451662540436, -0.17683400213718414, 0.9214023947715759, 0.23247015476226807], [0.0, 0.0, 0.0, 1.0]], [[0.8573326468467712, 0.48257410526275635, -0.1791725605726242, -0.43121933937072754], [-0.40985822677612305, 0.8505202531814575, 0.3295935094356537, -0.5435277819633484], [0.31144312024116516, -0.2091359794139862, 0.926965594291687, 0.26546019315719604], [0.0, 0.0, 0.0, 1.0]], [[0.8362946510314941, 0.5435526967048645, -0.07184415310621262, -0.5972641110420227], [-0.4944695234298706, 0.8043263554573059, 0.32948336005210876, -0.4191799461841583], [0.2368776798248291, -0.2400204837322235, 0.9414238929748535, 0.2922286093235016], [0.0, 0.0, 0.0, 1.0]], [[0.7953765392303467, 0.6025455594062805, 0.06568777561187744, -0.7825734615325928], [-0.5921303629875183, 0.7493016719818115, 0.2965282201766968, -0.2593943476676941], [0.12945179641246796, -0.274747371673584, 0.952762246131897, 0.31866398453712463], [0.0, 0.0, 0.0, 1.0]], [[0.733380138874054, 0.6442394256591797, 0.21704599261283875, -0.9750118851661682], [-0.6797078847885132, 0.700652003288269, 0.2169894129037857, -0.0669141560792923], [-0.012280497699975967, -0.3066636323928833, 0.9517385959625244, 0.3385167419910431], [0.0, 0.0, 0.0, 1.0]], [[0.6568766236305237, 0.6682359576225281, 0.34924718737602234, -1.1607775688171387], [-0.7325075268745422, 0.6753683090209961, 0.08550318330526352, 0.1556883156299591], [-0.17873406410217285, -0.31199127435684204, 0.9331212639808655, 0.3551540672779083], [0.0, 0.0, 0.0, 1.0]], [[0.5834985375404358, 0.6895785331726074, 0.428964763879776, -1.3227558135986328], [-0.7326382398605347, 0.6748658418655396, -0.0883047953248024, 0.4020719528198242], [-0.3503865897655487, -0.2627503275871277, 0.8989945650100708, 0.37609806656837463], [0.0, 0.0, 0.0, 1.0]], [[0.5686266422271729, 0.7012636065483093, 0.42999187111854553, -1.4473605155944824], [-0.6626157164573669, 0.70023113489151, -0.26573890447616577, 0.6576054096221924], [-0.48744648694992065, -0.1338132619857788, 0.862838089466095, 0.39689716696739197], [0.0, 0.0, 0.0, 1.0]], [[0.6562051177024841, 0.6730148792266846, 0.34124132990837097, -1.5251998901367188], [-0.5328635573387146, 0.7334963083267212, -0.4219479262828827, 0.9035120010375977], [-0.5342763066291809, 0.09504910558462143, 0.8399489521980286, 0.41570377349853516], [0.0, 0.0, 0.0, 1.0]], [[0.8156495094299316, 0.5425568222999573, 0.20086754858493805, -1.5560222864151], [-0.3880871534347534, 0.7705931663513184, -0.5055443048477173, 1.1203616857528687], [-0.4290735721588135, 0.3343925476074219, 0.8390930891036987, 0.42885640263557434], [0.0, 0.0, 0.0, 1.0]], [[0.9444513916969299, 0.32687321305274963, 0.034135814756155014, -1.5493736267089844], [-0.26853230595588684, 0.8273960947990417, -0.4932611584663391, 1.2908780574798584], [-0.18947769701480865, 0.4566943049430847, 0.8692112565040588, 0.4342421293258667], [0.0, 0.0, 0.0, 1.0]], [[0.9856398105621338, 0.14546333253383636, -0.08575811982154846, -1.5210508108139038], [-0.16826768219470978, 0.888620913028717, -0.4266606569290161, 1.4068448543548584], [0.014142904430627823, 0.43496376276016235, 0.900336742401123, 0.4301683306694031], [0.0, 0.0, 0.0, 1.0]]]}