{"poses": [[[0.8571419715881348, -0.45791247487068176, -0.23584692180156708, -0.10937706381082535], [0.4703808128833771, 0.882455587387085, -0.003833167487755418, 3.0771660804748535], [0.20987959206104279, -0.10765232145786285, 0.9717826247215271, 0.667285680770874], [0.0, 0.0, 0.0, 1.0]], [[0.9027071595191956, -0.3792702555656433, -0.20315951108932495, -0.05917835235595703], [0.3860127031803131, 0.922467827796936, -0.006930199451744556, 3.083284854888916], [0.19003643095493317, -0.07216624170541763, 0.9791210889816284, 0.7023490071296692], [0.0, 0.0, 0.0, 1.0]], [[0.9409513473510742, -0.29506567120552063, -0.16597186028957367, -0.03232985734939575], [0.297518253326416, 0.954659104347229, -0.010463922284543514, 3.089024066925049], [0.16153401136398315, -0.03953367471694946, 0.9860749244689941, 0.7336244583129883], [0.0, 0.0, 0.0, 1.0]], [[0.9690830707550049, -0.2086998075246811, -0.13161422312259674, -0.025301819667220116], [0.21162952482700348, 0.9773131608963013, 0.008523096330463886, 3.0940871238708496], [0.1268494576215744, -0.03611309081315994, 0.9912643432617188, 0.7604239583015442], [0.0, 0.0, 0.0, 1.0]], [[0.9836411476135254, -0.15225331485271454, -0.09627540409564972, -0.031556423753499985], [0.15567851066589355, 0.987379789352417, 0.029085172340273857, 3.0983128547668457], [0.09063202142715454, -0.04359745979309082, 0.9949296116828918, 0.7661385536193848], [0.0, 0.0, 0.0, 1.0]], [[0.9833081364631653, -0.1691286712884903, -0.0670853704214096, -0.05020016431808472], [0.1717016100883484, 0.9845411777496338, 0.034607838839292526, 3.1033408641815186], [0.06019509583711624, -0.04554888606071472, 0.997146725654602, 0.7651630640029907], [0.0, 0.0, 0.0, 1.0]], [[0.9640833139419556, -0.2623964250087738, -0.04112422466278076, -0.07971417158842087], [0.263374388217926, 0.9644778966903687, 0.020414724946022034, 3.1116528511047363], [0.03430663421750069, -0.030512599274516106, 0.9989452958106995, 0.7765231132507324], [0.0, 0.0, 0.0, 1.0]], [[0.918816864490509, -0.39467039704322815, -0.00323741277679801, -0.11609677970409393], [0.39464271068573, 0.9188092947006226, -0.006852459628134966, 3.1235082149505615], [0.005679010413587093, 0.005018490832298994, 0.9999710917472839, 0.7899770140647888], [0.0, 0.0, 0.0, 1.0]], [[0.8246034979820251, -0.5641396045684814, 0.0421324260532856, -0.15627673268318176], [0.5656888484954834, 0.8229367136955261, -0.05264592543244362, 3.1372485160827637], [-0.00497268233448267, 0.06724581867456436, 0.9977238774299622, 0.7956719994544983], [0.0, 0.0, 0.0, 1.0]], [[0.6651384234428406, -0.7413421273231506, 0.08945607393980026, -0.19676527380943298], [0.7466198801994324, 0.6583000421524048, -0.09591667354106903, 3.1503357887268066], [0.01221810095012188, 0.13058750331401825, 0.9913613200187683, 0.796683669090271], [0.0, 0.0, 0.0, 1.0]], [[0.39314159750938416, -0.906700611114502, 0.15275244414806366, -0.23286668956279755], [0.9177432060241699, 0.3767476975917816, -0.12573298811912537, 3.1579411029815674], [0.05645298957824707, 0.18961836397647858, 0.9802334308624268, 0.8015856146812439], [0.0, 0.0, 0.0, 1.0]], [[0.0009667410049587488, -0.9792495965957642, 0.20265422761440277, -0.25971072912216187], [0.991928219795227, -0.024756819009780884, -0.12436142563819885, 3.155620574951172], [0.12679791450500488, 0.20113864541053772, 0.9713213443756104, 0.809078574180603], [0.0, 0.0, 0.0, 1.0]], [[-0.48966673016548157, -0.8345639109611511, 0.25244608521461487, -0.2716766893863678], [0.8493314385414124, -0.5220189690589905, -0.07831039279699326, 3.1410536766052246], [0.19713664054870605, 0.1760644018650055, 0.9644366502761841, 0.8120463490486145], [0.0, 0.0, 0.0, 1.0]], [[-0.906670093536377, -0.3367636799812317, 0.2540452480316162, -0.26363465189933777], [0.3601568341255188, -0.9315216541290283, 0.05054400861263275, 3.114208459854126], [0.21962721645832062, 0.13732291758060455, 0.9658704996109009, 0.8109123706817627], [0.0, 0.0, 0.0, 1.0]], [[-0.903965175151825, 0.41379690170288086, 0.10779018700122833, -0.23132307827472687], [-0.39096587896347046, -0.9019111394882202, 0.18358130753040314, 3.0798346996307373], [0.17318254709243774, 0.1238088458776474, 0.9770765900611877, 0.8024969100952148], [0.0, 0.0, 0.0, 1.0]], [[-0.31011366844177246, 0.9460596442222595, -0.09380987286567688, -0.18037529289722443], [-0.9405073523521423, -0.2908821105957031, 0.17559479176998138, 3.049168825149536], [0.13883554935455322, 0.142683207988739, 0.9799824953079224, 0.7649356126785278], [0.0, 0.0, 0.0, 1.0]], [[0.47842714190483093, 0.8560739755630493, -0.1955617517232895, -0.12203161418437958], [-0.8676599860191345, 0.4951355457305908, 0.04479800909757614, 3.0310990810394287], [0.13517998158931732, 0.14824850857257843, 0.9796674251556396, 0.694415271282196], [0.0, 0.0, 0.0, 1.0]], [[0.9175109267234802, 0.37334132194519043, -0.13707536458969116, -0.07344110310077667], [-0.38302621245384216, 0.9222822785377502, -0.05182863399386406, 3.031285524368286], [0.10707239806652069, 0.10005678236484528, 0.9892035722732544, 0.6257811188697815], [0.0, 0.0, 0.0, 1.0]], [[0.9979937672615051, 0.012467917986214161, -0.06207055225968361, -0.0517624132335186], [-0.014697125181555748, 0.9992585182189941, -0.03558451309800148, 3.0376367568969727], [0.061580851674079895, 0.03642537444829941, 0.9974370002746582, 0.5919618606567383], [0.0, 0.0, 0.0, 1.0]]]}