{"poses": [[[0.9806207418441772, -0.1853872686624527, -0.06335942447185516, -0.042821310460567474], [0.18745528161525726, 0.9818634390830994, 0.028372637927532196, 3.103487253189087], [0.056950367987155914, -0.039699919521808624, 0.997587263584137, 0.7396373152732849], [0.0, 0.0, 0.0, 1.0]], [[0.9827613234519958, -0.18245446681976318, -0.029838602989912033, -0.07226666808128357], [0.18188853561878204, 0.9831011295318604, -0.020712830126285553, 3.1115541458129883], [0.0331135094165802, 0.014928393997251987, 0.9993399977684021, 0.7703245878219604], [0.0, 0.0, 0.0, 1.0]], [[0.9840395450592041, -0.17771901190280914, 0.009050154127180576, -0.10783076286315918], [0.17791837453842163, 0.9816487431526184, -0.06863721460103989, 3.122360944747925], [0.0033140636514872313, 0.06915184110403061, 0.9976004958152771, 0.7973507642745972], [0.0, 0.0, 0.0, 1.0]], [[0.982833206653595, -0.17831732332706451, 0.047344207763671875, -0.14627185463905334], [0.18201375007629395, 0.9790922403335571, -0.09082716703414917, 3.1311707496643066], [-0.030158285051584244, 0.09788516908884048, 0.9947404861450195, 0.8207317590713501], [0.0, 0.0, 0.0, 1.0]], [[0.9737676382064819, -0.21105127036571503, 0.08505067974328995, -0.18398155272006989], [0.2195938229560852, 0.9695703387260437, -0.10822246968746185, 3.1344335079193115], [-0.05962212383747101, 0.12406005710363388, 0.9904816746711731, 0.8247337937355042], [0.0, 0.0, 0.0, 1.0]], [[0.942769467830658, -0.31189802289009094, 0.11791969835758209, -0.21719564497470856], [0.3265688121318817, 0.9351111650466919, -0.1375499963760376, 3.1290717124938965], [-0.06736646592617035, 0.1681867390871048, 0.9834503531455994, 0.823192298412323], [0.0, 0.0, 0.0, 1.0]], [[0.8670606017112732, -0.4734601676464081, 0.15505211055278778, -0.2407715916633606], [0.4961355924606323, 0.8489011526107788, -0.18225374817848206, 3.111445903778076], [-0.04533406347036362, 0.23495182394981384, 0.970949113368988, 0.8338944315910339], [0.0, 0.0, 0.0, 1.0]], [[0.7333618998527527, -0.6453412771224976, 0.21380995213985443, -0.25210505723953247], [0.6798368096351624, 0.6968210339546204, -0.22860999405384064, 3.0795395374298096], [-0.0014558588154613972, 0.313009649515152, 0.949748694896698, 0.8466989994049072], [0.0, 0.0, 0.0, 1.0]], [[0.5217809677124023, -0.8013434410095215, 0.292562872171402, -0.24874502420425415], [0.8484012484550476, 0.4515821933746338, -0.2762047350406647, 3.030362129211426], [0.08921860158443451, 0.39232900738716125, 0.9154877066612244, 0.8515153527259827], [0.0, 0.0, 0.0, 1.0]], [[0.23633261024951935, -0.8954026699066162, 0.37736013531684875, -0.22449849545955658], [0.9451736211776733, 0.12176430225372314, -0.30301907658576965, 2.9588522911071777], [0.2253749966621399, 0.42828404903411865, 0.8750877976417542, 0.8491100072860718], [0.0, 0.0, 0.0, 1.0]], [[-0.13768582046031952, -0.8724128007888794, 0.46897581219673157, -0.16926802694797516], [0.909199595451355, -0.29916107654571533, -0.2895843982696533, 2.858090877532959], [0.3929362893104553, 0.3865208923816681, 0.834387481212616, 0.8436595797538757], [0.0, 0.0, 0.0, 1.0]], [[-0.5303527116775513, -0.6632741689682007, 0.5280086398124695, -0.07448475807905197], [0.654590904712677, -0.7161597013473511, -0.24212893843650818, 2.7255687713623047], [0.5387362241744995, 0.21721597015857697, 0.8139903545379639, 0.8299310207366943], [0.0, 0.0, 0.0, 1.0]], [[-0.8144407272338867, -0.19128061830997467, 0.5478118062019348, 0.06636592000722885], [0.12938284873962402, -0.980198860168457, -0.14990253746509552, 2.564600944519043], [0.5656378865242004, -0.05120917782187462, 0.8230621218681335, 0.7981641888618469], [0.0, 0.0, 0.0, 1.0]], [[-0.7458904981613159, 0.4799821674823761, 0.46180540323257446, 0.2593788206577301], [-0.559001088142395, -0.8280931711196899, -0.04219019412994385, 2.3797130584716797], [0.3621673583984375, -0.2896188795566559, 0.8859772086143494, 0.7468118667602539], [0.0, 0.0, 0.0, 1.0]], [[-0.15745262801647186, 0.9520061612129211, 0.26247406005859375, 0.5045912861824036], [-0.9871135950088501, -0.14403784275054932, -0.06971617043018341, 2.1805412769317627], [-0.028563927859067917, -0.2700686752796173, 0.9624171853065491, 0.6738870143890381], [0.0, 0.0, 0.0, 1.0]], [[0.6444562673568726, 0.7523487210273743, 0.13655529916286469, 0.7828956842422485], [-0.7143434286117554, 0.6560870409011841, -0.2434413582086563, 1.9783462285995483], [-0.2727448642253876, 0.05933981016278267, 0.9602545499801636, 0.5644493103027344], [0.0, 0.0, 0.0, 1.0]], [[0.9835710525512695, -0.00036013382486999035, 0.18052051961421967, 1.0786305665969849], [0.07349395751953125, 0.9141710996627808, -0.398610383272171, 1.7715214490890503], [-0.16488312184810638, 0.4053286015987396, 0.8991785645484924, 0.41892391443252563], [0.0, 0.0, 0.0, 1.0]], [[0.7061326503753662, -0.6446268558502197, 0.2929723560810089, 1.388465404510498], [0.7034154534339905, 0.5912080407142639, -0.3945631682872772, 1.539560079574585], [0.0811382606625557, 0.48469510674476624, 0.8709115982055664, 0.2725498676300049], [0.0, 0.0, 0.0, 1.0]], [[0.32184043526649475, -0.8882625102996826, 0.32773199677467346, 1.7231066226959229], [0.9212431311607361, 0.213921919465065, -0.32488277554512024, 1.2528235912322998], [0.21847198903560638, 0.40648123621940613, 0.8871543407440186, 0.14973655343055725], [0.0, 0.0, 0.0, 1.0]]]}