{"poses": [[[1.0, 0.0, 0.0, 0.0], [0.0, 1.0, 0.0, -0.800000011920929], [0.0, 0.0, 1.0, 0.009999999776482582], [0.0, 0.0, 0.0, 1.0]], [[0.9975768327713013, -0.022993579506874084, -0.06566314399242401, 0.0], [0.02420075610280037, 0.9995512962341309, 0.017648186534643173, -0.800000011920929], [0.06522788107395172, -0.01919453963637352, 0.9976857304573059, 0.024860955774784088], [0.0, 0.0, 0.0, 1.0]], [[0.9862357974052429, -0.03189166635274887, -0.16223974525928497, 0.0], [0.04071308672428131, 0.9978509545326233, 0.05134102702140808, -0.800000011920929], [0.16025371849536896, -0.05723966285586357, 0.9854147434234619, 0.05068029463291168], [0.0, 0.0, 0.0, 1.0]], [[0.9642311930656433, -0.003080887021496892, -0.2650443911552429, -0.007558416109532118], [0.03093266487121582, 0.9944080710411072, 0.10097391158342361, -0.7979685664176941], [0.2632511854171753, -0.10556074976921082, 0.9589346051216125, 0.09134219586849213], [0.0, 0.0, 0.0, 1.0]], [[0.9354427456855774, 0.06235608831048012, -0.34793442487716675, -0.032617293298244476], [2.5976280085160397e-05, 0.984305202960968, 0.1764749139547348, -0.7903990745544434], [0.35347795486450195, -0.16509123146533966, 0.9207594990730286, 0.13829872012138367], [0.0, 0.0, 0.0, 1.0]], [[0.9066584706306458, 0.15742896497249603, -0.3913903534412384, -0.09012675285339355], [-0.052570641040802, 0.9626922011375427, 0.2654434144496918, -0.7704668641090393], [0.4185769259929657, -0.2200908660888672, 0.8811091184616089, 0.20266193151474], [0.0, 0.0, 0.0, 1.0]], [[0.8887290954589844, 0.26092082262039185, -0.37693604826927185, -0.1902235895395279], [-0.11798623204231262, 0.9247140288352966, 0.36191630363464355, -0.7289340496063232], [0.4429895281791687, -0.2771722674369812, 0.8526052236557007, 0.27972662448883057], [0.0, 0.0, 0.0, 1.0]], [[0.8803420066833496, 0.3804764151573181, -0.28325873613357544, -0.33600670099258423], [-0.2235260009765625, 0.8594619035720825, 0.45974084734916687, -0.6564164757728577], [0.4183706045150757, -0.3414134383201599, 0.8416666388511658, 0.35964155197143555], [0.0, 0.0, 0.0, 1.0]], [[0.8639103174209595, 0.49019232392311096, -0.11563004553318024, -0.5236361026763916], [-0.3594368100166321, 0.7608990669250488, 0.5402203798294067, -0.5437200665473938], [0.3527946472167969, -0.4251402020454407, 0.8335416316986084, 0.43421006202697754], [0.0, 0.0, 0.0, 1.0]], [[0.7975389361381531, 0.5923706293106079, 0.11414335668087006, -0.742277979850769], [-0.5403044819831848, 0.617237389087677, 0.5719172358512878, -0.38068902492523193], [0.268333375453949, -0.5177983045578003, 0.8123312592506409, 0.5009282827377319], [0.0, 0.0, 0.0, 1.0]], [[0.6478809714317322, 0.6658428907394409, 0.3700047731399536, -0.9735527038574219], [-0.7418950796127319, 0.44140586256980896, 0.5047304034233093, -0.1586378961801529], [0.1727488934993744, -0.6015098094940186, 0.7799639105796814, 0.5587124824523926], [0.0, 0.0, 0.0, 1.0]], [[0.3856768310070038, 0.7079484462738037, 0.5916606783866882, -1.1916011571884155], [-0.9172676205635071, 0.22514858841896057, 0.3285246789455414, 0.12968336045742035], [0.09936697036027908, -0.6694154143333435, 0.7362127304077148, 0.6106244921684265], [0.0, 0.0, 0.0, 1.0]], [[0.0515131801366806, 0.7079665064811707, 0.7043648362159729, -1.3690235614776611], [-0.9980672597885132, 0.011945889331400394, 0.06098572909832001, 0.47342348098754883], [0.03476156294345856, -0.7061448693275452, 0.7072135806083679, 0.6481757164001465], [0.0, 0.0, 0.0, 1.0]], [[-0.2558789551258087, 0.7104390859603882, 0.6555930376052856, -1.4787254333496094], [-0.9640249609947205, -0.13702425360679626, -0.227773055434227, 0.8547660112380981], [-0.07198680192232132, -0.6902902126312256, 0.7199426293373108, 0.6699925661087036], [0.0, 0.0, 0.0, 1.0]], [[-0.4203956723213196, 0.7889013886451721, 0.44822096824645996, -1.501829743385315], [-0.8657917380332947, -0.2010057121515274, -0.4582594633102417, 1.2436063289642334], [-0.2714266777038574, -0.580716073513031, 0.7675262093544006, 0.6787572503089905], [0.0, 0.0, 0.0, 1.0]], [[-0.32122373580932617, 0.9358633160591125, 0.14482782781124115, -1.4470882415771484], [-0.7934649586677551, -0.18249596655368805, -0.5806108117103577, 1.6054006814956665], [-0.5169419050216675, -0.30142155289649963, 0.8011966943740845, 0.6730086803436279], [0.0, 0.0, 0.0, 1.0]], [[0.06430059671401978, 0.9858182668685913, -0.15500856935977936, -1.3390486240386963], [-0.7901191115379333, -0.044588666409254074, -0.6113296747207642, 1.912703275680542], [-0.6095715761184692, 0.1617843359708786, 0.776046633720398, 0.6585268974304199], [0.0, 0.0, 0.0, 1.0]], [[0.5504045486450195, 0.7835426330566406, -0.2882978618144989, -1.2137168645858765], [-0.748988151550293, 0.31083011627197266, -0.585150957107544, 2.150681972503662], [-0.36887893080711365, 0.5380016565322876, 0.7579463124275208, 0.6397064328193665], [0.0, 0.0, 0.0, 1.0]], [[0.8765308260917664, 0.39294421672821045, -0.278008371591568, -1.1074748039245605], [-0.4801635146141052, 0.7542514204978943, -0.4478258788585663, 2.313373565673828], [0.033717889338731766, 0.526022732257843, 0.8498018980026245, 0.6164584159851074], [0.0, 0.0, 0.0, 1.0]], [[0.9754084348678589, 0.06493757665157318, -0.21062161028385162, -1.0378191471099854], [-0.10759181529283524, 0.9743044972419739, -0.1978762298822403, 2.4018068313598633], [0.1923602670431137, 0.2156713455915451, 0.9573314785957336, 0.5893974900245667], [0.0, 0.0, 0.0, 1.0]]]}